0 0.999449 -0.013751 0.030218 0.002903 0.013453 0.999859 0.010049 0.003186 -0.030352 -0.009637 0.999493 0.003233 0.000000 -0.000000 -0.000000 1.000000 
1 0.993442 0.020936 0.112396 -0.124740 -0.042064 0.981064 0.189052 -0.119778 -0.106310 -0.192541 0.975513 -1.397099 0.000000 -0.000000 -0.000000 1.000000 
2 0.998647 0.023102 0.046538 -0.174738 -0.034762 0.962791 0.267993 -0.699415 -0.038615 -0.269249 0.962294 -3.357514 0.000000 -0.000000 -0.000000 1.000000 
3 0.998765 0.012149 0.048118 -0.413370 -0.026547 0.949983 0.311162 -1.255411 -0.041931 -0.312055 0.949135 -5.337623 0.000000 -0.000000 -0.000000 1.000000 
4 0.999375 -0.006605 -0.034614 0.092064 0.019383 0.923368 0.383417 -2.299370 0.029429 -0.383849 0.922923 -7.176923 -0.000000 -0.000000 -0.000000 1.000000 
5 0.998881 -0.039186 0.026294 -0.550763 0.026389 0.925762 0.377174 -2.797335 -0.039122 -0.376059 0.925765 -9.104934 0.000000 -0.000000 -0.000000 1.000000 
6 0.998646 0.014116 -0.049940 0.316579 -0.003837 0.979739 0.200211 -1.222306 0.051755 -0.199750 0.978474 -11.480205 -0.000000 -0.000000 -0.000000 1.000000 
7 0.994936 0.014330 0.099420 -1.740951 -0.045455 0.946853 0.318417 -2.953542 -0.089573 -0.321326 0.942717 -13.148590 0.000000 -0.000000 -0.000000 1.000000 
8 0.997936 -0.018822 -0.061271 0.878726 0.028488 0.986546 0.160932 -0.862299 0.057418 -0.162346 0.985056 -14.927365 -0.000000 -0.000000 -0.000000 1.000000 
9 0.966524 0.005993 -0.256480 4.115538 0.039636 0.984228 0.172360 -1.051690 0.253469 -0.176757 0.951051 -15.068913 -0.000000 -0.000000 -0.000000 1.000000 
10 0.902507 0.029587 -0.429641 7.019720 0.005471 0.996761 0.080135 0.426146 0.430623 -0.074674 0.899430 -14.491356 -0.000000 -0.000000 -0.000000 1.000000 
11 0.818874 0.070286 -0.569642 9.433655 -0.081749 0.996630 0.005453 1.617413 0.568109 0.042102 0.821868 -13.362765 -0.000000 -0.000000 -0.000000 1.000000 
12 0.930794 0.075134 -0.357720 6.026753 -0.025989 0.989765 0.140263 -0.526179 0.364599 -0.121260 0.923228 -15.358490 -0.000000 -0.000000 -0.000000 1.000000 
13 0.986627 0.046088 -0.156294 2.652036 -0.022115 0.988158 0.151785 -0.783717 0.161440 -0.146300 0.975972 -16.986910 -0.000000 -0.000000 -0.000000 1.000000 
14 0.993669 -0.018396 -0.110754 1.736597 0.041991 0.975774 0.214671 -2.052856 0.104122 -0.217964 0.970379 -19.032099 -0.000000 -0.000000 -0.000000 1.000000 
15 0.992897 -0.023974 -0.116453 1.817878 0.045368 0.981737 0.184703 -1.553929 0.109898 -0.188676 0.975862 -21.116785 -0.000000 -0.000000 -0.000000 1.000000 
16 0.994797 -0.001046 0.101767 -3.005505 -0.019988 0.978454 0.205445 -2.110848 -0.099790 -0.206412 0.973354 -22.766010 0.000000 -0.000000 -0.000000 1.000000 
17 0.999233 -0.038449 0.005689 -1.082516 0.035611 0.964301 0.262362 -3.768836 -0.015574 -0.261961 0.964942 -24.785532 0.000000 -0.000000 -0.000000 1.000000 
18 0.995796 -0.000741 -0.091462 1.464468 0.031772 0.940487 0.338306 -6.085579 0.085769 -0.339793 0.936569 -26.437223 -0.000000 -0.000000 -0.000000 1.000000 
19 0.978691 -0.016261 -0.204632 4.857302 0.075599 0.955334 0.285655 -4.917474 0.190849 -0.295041 0.936218 -28.385334 -0.000000 -0.000000 -0.000000 1.000000 
20 0.934889 0.001773 -0.354897 9.817270 0.057165 0.986166 0.155515 -1.089095 0.350267 -0.165678 0.921867 -29.218508 -0.000000 -0.000000 -0.000000 1.000000 
21 0.986117 0.009559 -0.165692 4.108894 0.029126 0.972868 0.229466 -3.505650 0.163391 -0.231109 0.959097 -32.046616 -0.000000 -0.000000 -0.000000 1.000000 
22 0.984962 0.058986 -0.162298 4.470263 -0.014076 0.964136 0.264985 -4.838503 0.172110 -0.258719 0.950482 -33.928246 -0.000000 -0.000000 -0.000000 1.000000 
23 0.997607 0.014967 -0.067277 0.860759 0.001794 0.970151 0.242436 -4.119991 0.068898 -0.241980 0.967818 -36.380436 -0.000000 -0.000000 -0.000000 1.000000 
24 0.995194 0.057119 -0.079340 1.479311 -0.030683 0.953036 0.301252 -6.530702 0.092822 -0.297374 0.950223 -38.039005 -0.000000 -0.000000 -0.000000 1.000000 
25 0.988176 0.020222 0.151880 -7.787688 -0.064102 0.954885 0.289924 -6.179247 -0.139168 -0.296236 0.944906 -38.681255 0.000000 -0.000000 -0.000000 1.000000 
26 0.996979 0.056571 -0.052921 0.431323 -0.040665 0.963646 0.264013 -5.171818 0.065933 -0.261067 0.963051 -40.098660 -0.000000 -0.000000 -0.000000 1.000000 
27 0.994087 0.040876 -0.100433 2.394880 -0.002562 0.934806 0.355104 -9.369240 0.108402 -0.352753 0.929399 -41.347340 -0.000000 -0.000000 -0.000000 1.000000 
28 0.996369 0.027741 -0.080271 1.591849 0.009042 0.905114 0.425033 -12.938977 0.084446 -0.424223 0.901593 -42.530949 -0.000000 -0.000000 -0.000000 1.000000 
29 0.984728 0.126079 0.119915 -6.568053 -0.166093 0.886487 0.431880 -13.173726 -0.051853 -0.445209 0.893905 -42.867973 0.000000 -0.000000 -0.000000 1.000000 
30 0.996970 0.032204 -0.070550 1.274724 -0.001841 0.919261 0.393601 -11.733211 0.077530 -0.392285 0.916551 -44.395866 -0.000000 -0.000000 -0.000000 1.000000 
31 0.961027 0.018831 -0.275743 10.770733 0.056836 0.962871 0.263844 -5.764324 0.270477 -0.269239 0.924292 -45.868931 -0.000000 -0.000000 -0.000000 1.000000 
32 0.997614 0.028467 -0.062578 0.592742 -0.004058 0.933023 0.359742 -10.347978 0.068628 -0.358637 0.930931 -46.432468 -0.000000 -0.000000 -0.000000 1.000000 
33 0.988389 0.026922 0.149407 -9.717812 -0.073954 0.944851 0.318982 -8.308380 -0.132583 -0.326334 0.935890 -47.194538 0.000000 -0.000000 -0.000000 1.000000 
34 0.999519 0.015856 0.025883 -3.844430 -0.019509 0.988830 0.147640 0.129585 -0.023254 -0.148077 0.988683 -48.791088 0.000000 -0.000000 -0.000000 1.000000 
35 0.988173 0.090790 0.123412 -8.104907 -0.083630 0.994546 -0.062012 10.557662 -0.128372 0.050959 0.990397 -47.245144 -0.000000 -0.000000 -0.000000 1.000000 
36 0.968011 0.153739 0.198186 -11.212646 -0.093672 0.954533 -0.282936 21.084709 -0.232678 0.255326 0.938420 -43.066895 -0.000000 -0.000000 -0.000000 1.000000 
37 0.988912 0.123432 0.082320 -5.897912 -0.118890 0.991194 -0.057970 10.591726 -0.088752 0.047542 0.994899 -47.812592 -0.000000 -0.000000 -0.000000 1.000000 
38 0.993080 0.117151 -0.004967 -1.714411 -0.115177 0.982540 0.145977 0.522592 0.021982 -0.144398 0.989256 -49.352970 -0.000000 -0.000000 -0.000000 1.000000 
39 0.994937 0.083161 -0.056052 0.491461 -0.058365 0.934648 0.350696 -9.962284 0.081554 -0.345656 0.934790 -48.983803 -0.000000 -0.000000 -0.000000 1.000000 
40 0.967759 0.125893 -0.218059 9.339576 -0.044924 0.938450 0.342421 -9.865767 0.247750 -0.321592 0.913870 -50.205429 -0.000000 -0.000000 -0.000000 1.000000 
41 0.981672 0.188705 -0.025799 -0.063208 -0.167363 0.919329 0.356065 -10.405183 0.090910 -0.345229 0.934083 -51.215351 -0.000000 -0.000000 -0.000000 1.000000 
42 0.992668 0.041394 0.113372 -8.478187 -0.079063 0.932743 0.351706 -10.296532 -0.091191 -0.358099 0.929198 -50.477665 0.000000 -0.000000 -0.000000 1.000000 
43 0.994551 0.048007 -0.092296 2.160228 -0.005661 0.910806 0.412745 -13.828567 0.103880 -0.409982 0.906136 -50.304504 -0.000000 -0.000000 -0.000000 1.000000 
44 0.991457 0.064519 -0.113165 3.378559 -0.012161 0.910758 0.412710 -13.809397 0.129696 -0.407816 0.903783 -50.246086 -0.000000 -0.000000 -0.000000 1.000000 
